

8, 2 , 6 , 4, 5, 9 ,7



                        8   2   6   4   5   9   7
                        |   |
                        -----
                        2   8   6   4   5   9   7
                            |   |
                            -----
                        2   6   8   4   5   9   7
                                |   |
                                -----
                        2   6   4   8   5   9   7
                                    |   |
                                    -----
                        2   6   4   5   8   9   7
                                        |   |
                                        -----
                        2   6   4   5   8   9   7
                                            |   |
                                            -----
------------------------------------------------------------------
                        2   6   4   5   8   7   9
                            |   |
                            -----
                        2   4   6   5   8   7   9
                                |   |
                                -----
                        2   4   5   6   8   7   9
                                    |   |
                                    -----
                        2   4   5   6   8   7   9
                                        |   |
                                        -----
                        2   4   5   6   7   8   9
                                            |   |
                                            -----
                                none of the elements are swapped